BeadsKnot,0
Nodes,17
524.4141,491.0482,2.54212,31.90061,47.55684,119.0625,15.81499
409.668,486.9792,-2.437324,62.28468,24.96172,65.63573,33.83328
590.3256,333.1641,-1.580796,85.23003,81.76328,26.93015,53.98634
465.8203,548.1315,2.276382,38.12917,66.07012,46.97687,23.56743
363.0035,339.9458,-3.028672,91.92802,29.64402,33.67165,123.8191
638.3464,644.1602,2.08311,49.31603,100,64.68848,100
456.862,203.7696,-0.2263052,139.2787,100,33.66413,100
567.5391,457.6758,-2.336302,29.08337,100,28.33814,100
701.0026,778.3138,0.4046501,79.34945,100,53.27929,100
849.1146,647.0204,1.435736,84.23533,100,69.58418,100
798.1163,438.6871,2.30397,91.69594,100,75.22498,100
475.8507,333.9779,-3.128284,52.69826,100,33.71663,100
159.0104,436.5169,-1.679835,85.79776,100,78.60474,100
176.9141,638.3398,-1.072154,79.32693,100,68.70581,100
295.7292,783.1966,-0.2533696,161.6281,100,64.18568,100
551.263,659.4987,2.012778,59.04767,100,97.5959,100
358.3984,432.4544,2.242161,45.89654,100,23.11563,100
Edges,22
14,0,15,2
13,0,14,2
12,0,13,2
9,0,10,2
8,0,9,2
5,2,8,2
4,0,12,2
16,0,4,1
11,0,4,2
4,3,6,2
15,0,3,2
2,0,7,2
10,0,2,1
6,0,2,2
2,3,11,2
3,1,1,0
3,0,1,1
1,3,16,2
1,2,0,0
0,1,3,3
0,2,5,0
7,0,0,3
Region,0
BeadsKnotEnd
BeadsKnot,0
Nodes,17
524.4141,491.0482,2.54212,31.90061,47.55684,119.0625,15.81499
409.668,486.9792,-2.437324,62.28468,24.96172,65.63573,33.83328
590.3256,333.1641,-1.580796,85.23003,81.76328,26.93015,53.98634
465.8203,548.1315,2.276382,38.12917,66.07012,46.97687,23.56743
363.0035,339.9458,-3.028672,91.92802,29.64402,33.67165,123.8191
638.3464,644.1602,2.08311,49.31603,100,64.68848,100
456.862,203.7696,-0.2263052,139.2787,100,33.66413,100
567.5391,457.6758,-2.336302,29.08337,100,28.33814,100
701.0026,778.3138,0.4046501,79.34945,100,53.27929,100
849.1146,647.0204,1.435736,84.23533,100,69.58418,100
798.1163,438.6871,2.30397,91.69594,100,75.22498,100
475.8507,333.9779,-3.128284,52.69826,100,33.71663,100
159.0104,436.5169,-1.679835,85.79776,100,78.60474,100
176.9141,638.3398,-1.072154,79.32693,100,68.70581,100
295.7292,783.1966,-0.2533696,161.6281,100,64.18568,100
551.263,659.4987,2.012778,59.04767,100,97.5959,100
358.3984,432.4544,2.242161,45.89654,100,23.11563,100
Edges,22
14,0,15,2
13,0,14,2
12,0,13,2
9,0,10,2
8,0,9,2
5,2,8,2
4,0,12,2
16,0,4,1
11,0,4,2
4,3,6,2
15,0,3,2
2,0,7,2
10,0,2,1
6,0,2,2
2,3,11,2
3,1,1,0
3,0,1,1
1,3,16,2
1,2,0,0
0,1,3,3
0,2,5,0
7,0,0,3
Region,0
BeadsKnotEnd
BeadsKnot,0
Nodes,17
524.4141,491.0482,2.54212,31.90061,47.55684,119.0625,15.81499
409.668,486.9792,-2.437324,62.28468,24.96172,65.63573,33.83328
590.3256,333.1641,-1.580796,85.23003,81.76328,26.93015,53.98634
465.8203,548.1315,2.276382,38.12917,66.07012,46.97687,23.56743
363.0035,339.9458,-3.028672,91.92802,29.64402,33.67165,123.8191
638.3464,644.1602,2.08311,49.31603,100,64.68848,100
456.862,203.7696,-0.2263052,139.2787,100,33.66413,100
567.5391,457.6758,-2.336302,29.08337,100,28.33814,100
701.0026,778.3138,0.4046501,79.34945,100,53.27929,100
849.1146,647.0204,1.435736,84.23533,100,69.58418,100
798.1163,438.6871,2.30397,91.69594,100,75.22498,100
475.8507,333.9779,-3.128284,52.69826,100,33.71663,100
159.0104,436.5169,-1.679835,85.79776,100,78.60474,100
176.9141,638.3398,-1.072154,79.32693,100,68.70581,100
295.7292,783.1966,-0.2533696,161.6281,100,64.18568,100
551.263,659.4987,2.012778,59.04767,100,97.5959,100
358.3984,432.4544,2.242161,45.89654,100,23.11563,100
Edges,22
14,0,15,2
13,0,14,2
12,0,13,2
9,0,10,2
8,0,9,2
5,2,8,2
4,0,12,2
16,0,4,1
11,0,4,2
4,3,6,2
15,0,3,2
2,0,7,2
10,0,2,1
6,0,2,2
2,3,11,2
3,1,1,0
3,0,1,1
1,3,16,2
1,2,0,0
0,1,3,3
0,2,5,0
7,0,0,3
Region,0
BeadsKnotEnd
