87.72043
89.0538
85.98062
83.08737
86.688995
94.63156
95.82504
90.34839
83.62656
81.855194
84.632324
87.967926
87.79971
84.56824
81.6886
81.61282
86.91324
93.990814
94.48978
89.69385
86.24701
87.8793
92.08856
91.1174
84.92233
80.76987
83.61392
90.477905
90.72955
85.24802
78.72012
77.166534
80.024414
82.39191
82.38229
83.37079
82.52243
78.70267
72.464874
70.902374
76.675934
84.895294
85.3233
79.83072
74.36188
72.34076
76.25006
82.507385
84.62491
80.87955
76.096985
79.621826
95.350586
115.15662
119.004425
108.637726
101.00824
103.039
110.05026
104.979126
88.64545
78.75467
78.99893
83.84979
84.08325
80.234985
76.56601
75.811005
79.694885
84.23767
85.50647
84.07828
97.76419
84.70227
71.598816
68.13742
77.03229
93.497345
102.471405
102.44861
93.178375
80.629395
80.587494
91.559784
100.82306
94.9451
81.194885
84.597626
113.57492
151.75638
161.83054
145.02603
130.42072
132.00189
143.02527
133.05536
103.53012
84.17255
82.33957
91.83725
98.04874
97.93045
92.67145
86.22107
89.34946
100.3049
109.83838
107.85434
144.9985
127.449646
109.516785
97.44153
96.618835
114.90512
136.92941
150.9953
138.82019
110.08066
102.86398
121.49423
144.65216
139.28659
112.405304
105.04416
132.59021
176.1914
188.29776
168.63867
150.07224
152.13443
170.11389
164.86826
135.11847
109.47885
99.42401
109.62692
123.44888
130.89444
123.67938
107.65253
107.88803
128.09424
153.09668
157.58765
199.21808
190.1495
174.9479
150.4021
126.5585
132.77927
158.47485
182.22559
169.41519
132.88272
124.660034
149.45462
183.23422
184.14618
156.16034
139.28876
152.85815
185.59988
191.81812
170.83911
150.61475
154.8646
184.85715
197.18628
182.65375
154.2908
127.03168
126.16916
139.13184
150.15945
141.2428
119.79703
120.477875
148.10764
185.81357
201.60507
225.1146
223.96252
214.29813
183.9501
146.36972
145.05353
169.70688
193.49356
178.30295
142.59552
139.56345
167.62912
205.1572
214.57336
195.7945
173.97354
173.59888
196.85071
203.07513
187.49863
164.05115
160.05759
189.3862
211.55716
211.54742
185.30869
149.68384
145.53354
161.98444
177.27573
165.59177
138.7508
138.15506
164.975
202.62234
220.84259
223.7973
224.93857
220.78793
191.5632
152.27872
151.2026
174.93405
194.43967
175.64386
142.5155
142.99466
172.01953
209.79141
223.29694
210.16724
183.19403
175.64719
197.45258
208.65067
201.27118
175.15723
159.1146
180.3707
204.6709
213.99094
191.02771
153.42566
150.61984
172.66739
192.89713
178.75754
147.80988
146.66
172.25443
206.53519
221.00388
211.35342
212.45062
213.71005
187.67325
149.81705
149.6419
174.30396
195.25601
180.9837
152.74261
148.64346
171.63766
205.50436
217.32986
204.19836
172.7442
164.30847
189.20633
206.25983
208.1619
184.14432
159.79816
171.8161
193.53134
206.29431
183.7439
144.61734
142.46976
168.05554
191.81793
177.34903
146.47818
145.9162
171.83545
204.2215
213.65384
195.78491
198.61115
204.23929
180.33441
144.0069
143.60553
171.34647
200.62308
199.51584
179.3096
164.55063
173.44699
197.35266
204.90387
193.754
163.15607
155.21619
180.34665
199.92691
208.79172
188.5072
160.2638
166.26242
185.63794
199.32706
176.57196
138.78653
138.84906
165.89178
189.8429
176.87933
150.59854
148.6146
170.36877
197.3103
200.97586
178.67792
186.7373
197.92581
178.42578
146.24683
143.50647
170.10336
202.58405
210.60843
198.87854
178.0397
174.89722
187.95428
193.38608
190.1207
165.39917
154.01291
172.41495
190.49918
202.77823
183.9527
153.32407
157.13531
177.67346
193.00864
170.76044
135.80933
137.47852
165.16052
190.20703
184.55035
168.99545
163.84586
174.39032
188.42496
183.90775
163.96683
176.65958
192.24216
178.20517
152.0203
145.84921
167.21286
195.92822
206.97015
204.46432
186.11795
176.54721
180.41339
186.40479
193.83456
176.29324
157.74734
165.79623
182.11935
196.93466
177.75137
144.27283
146.48495
169.55106
187.01602
166.88837
135.85107
136.34753
162.35098
188.54382
192.16577
188.64096
181.02444
180.35828
181.18591
169.24142
154.73392
167.44638
183.09155
171.93634
150.74774
142.55585
159.09995
182.10046
194.40002
202.10754
192.10327
181.20374
179.04361
185.4299
198.10703
182.98251
157.44193
158.10806
174.3645
190.20908
169.92358
135.44199
136.70282
161.72849
180.90732
165.59113
140.8074
137.89316
157.5813
181.1908
190.88855
197.07751
191.0838
185.61392
178.98593
162.65613
147.94162
156.15015
170.47809
163.25818
148.24313
140.69485
153.52405
172.18045
187.69785
206.03638
205.88837
195.31201
187.73322
190.94272
199.87735
180.47327
150.3717
148.43976
165.28125
180.9336
162.63364
132.30118
131.55627
152.7547
169.37646
159.84769
144.35104
140.39883
153.0928
173.0438
188.20276
204.50674
205.16068
198.18066
184.81534
162.87857
137.19324
141.643
159.85092
164.32718
161.03873
156.20547
162.7042
174.8158
190.04764
210.66055
213.36847
201.90158
191.06104
191.63223
194.67917
170.34454
139.65442
138.11499
155.78735
173.40121
163.74173
142.30112
136.49997
147.8489
160.82034
160.89676
158.40106
155.81467
159.86191
172.42972
188.30313
208.66034
212.78458
203.62701
184.92175
158.75626
123.941956
127.763245
153.41672
173.78122
185.47559
184.93567
183.43451
185.77667
194.26611
206.83737
204.56961
191.55386
180.54889
181.19498
182.92389
161.50931
136.94193
136.6464
153.12134
172.29877
172.63583
160.58966
150.4519
153.31943
165.12329
175.22794
183.65024
182.11877
177.48416
179.79596
189.55054
204.08975
204.43353
192.76465
173.21045
147.47662
119.60983
122.13068
146.65329
171.57358
190.07373
193.59097
190.01505
187.63214
189.98141
193.4961
186.89047
175.24597
166.75027
168.45139
172.08456
160.16907
145.87195
145.54718
156.74591
172.46619
176.78351
170.38141
159.0646
157.10672
166.16794
178.17639
189.28864
189.34067
183.80548
182.2012
186.30331
192.00165
186.60925
174.70819
159.31479
139.53574
126.759125
126.417145
140.51865
157.2247
171.22888
174.04535
171.54248
170.32208
172.78232
174.94186
170.72876
163.86383
158.31833
159.20096
161.14972
154.03018
145.65475
144.28455
151.5788
163.89713
168.38104
164.00784
154.1033
151.29785
157.4141
165.63385
172.60657
172.2775
169.20276
168.80414
172.055
174.46268
168.64276
160.23203
151.19946
139.87344
131.23923
130.00543
135.98215
144.59103
150.83524
148.42032
145.50742
147.64807
154.49472
159.07361
157.31384
152.3605
147.53207
148.05432
148.44385
143.1517
137.69327
136.59717
143.28598
154.26834
158.77237
155.82657
148.824
147.25537
151.48111
155.93918
157.67953
154.6156
152.15887
153.6741
158.71011
160.71805
155.26254
148.78882
143.41821
138.2081
134.93143
136.37561
140.4173
144.32193
141.95853
130.738
124.46246
129.52643
141.87817
148.9957
147.0657
140.86636
136.24692
140.41052
143.71976
141.14468
137.8071
137.65045
144.0315
152.3638
155.76831
154.40622
151.10812
151.65253
154.63235
156.80011
154.65933
147.80402
144.27689
147.8551
156.26993
159.06204
153.12494
145.87878
140.60095
137.82224
140.94272
148.87335
156.22168
159.46573
152.70789
136.33258
126.86505
131.71841
145.35669
151.54608
146.3194
136.12848
130.30902
139.55539
148.2771
148.90884
146.93497
148.35925
156.11935
162.26385
163.80957
162.85233
162.39987
165.89505
168.55951
168.94556
162.86807
150.83578
144.66464
149.936
162.5564
166.92297
159.78125
149.4949
142.23895
140.27798
148.97742
164.55411
177.5953
183.74438
178.12796
162.29666
150.77704
152.46997
163.01987
164.8505
154.95563
140.60382
132.80042
144.8963
157.129
159.36319
157.0788
160.25186
172.4029
178.83276
178.26715
175.66174
176.95941
185.16803
189.31815
187.73502
176.10303
157.01599
146.3024
153.0061
171.25098
177.75821
167.64505
151.93726
143.10852
144.01334
145.65356
160.02783
176.68994
189.97275
188.7153
173.45074
158.48935
158.7862
170.9226
172.72049
163.81512
152.67688
148.80112
164.02411
175.98364
175.2857
167.99896
169.58005
185.92517
192.77081
187.78506
178.90527
177.33072
188.07828
195.65366
196.43411
183.14337
159.64865
144.14758
151.74182
175.79523
182.98822
167.53558
145.62448
137.06122
141.96631
136.05069
135.98843
151.88461
174.74307
175.99579
155.41638
134.51361
138.84998
162.46942
171.0737
167.48605
163.23764
167.70087
189.95392
202.39206
197.61841
182.05731
177.35129
194.98083
202.46835
193.14398
173.21277
158.40887
161.17496
171.1094
179.60608
167.39026
139.3204
119.09769
131.84607
168.54996
181.38675
164.98938
141.37213
135.29874
142.74463
138.46838
122.57477
137.22873
169.62933
171.03336
143.51431
118.0105
128.03659
163.40704
176.76282
174.25873
169.168
173.96725
199.599
213.13098
209.78592
191.35382
179.46521
193.25327
202.73273
196.48352
169.01678
136.38452
124.489624
139.28995
163.91919
158.30084
128.08884
104.08032
120.73645
166.41895
182.05438
166.29828
143.91629
141.44812
153.50418
143.58621
115.27136
127.58899
167.55704
171.4024
142.86691
115.80136
127.10074
166.96344
182.08224
179.75769
168.97873
166.32928
189.37817
204.04266
208.34482
193.23984
172.35284
173.51706
184.5599
191.49057
168.27487
125.997406
102.08304
121.28677
160.99295
162.8674
133.08887
105.86157
121.09018
167.63727
183.07562
169.57095
147.41458
144.96552
161.52469
150.43445
115.15314
123.160736
165.16235
171.62396
146.22601
118.1496
125.71686
164.53152
182.55307
184.59888
169.82547
157.51697
173.32373
189.462
202.81577
188.84085
153.58539
137.18216
152.39755
179.87796
169.78162
127.73682
96.7587
115.48236
162.08969
169.64676
142.58667
112.556
122.6994
166.13895
182.68591
174.25726
151.51819
146.28659
165.8758
154.52094
119.02997
123.840576
164.66974
174.12466
153.89984
124.72403
126.42508
160.80994
181.25842
188.28574
170.21252
146.11758
148.85583
168.15149
195.45993
186.60748
141.29037
110.05243
127.594696
170.22339
171.62598
134.12213
99.82315
114.26614
160.83307
172.9166
150.66815
118.791626
122.90231
161.73502
180.73227
178.91287
156.21637
146.67694
164.68689
149.24506
120.55487
124.08862
161.52173
174.58807
161.40158
133.14319
129.94778
157.4559
178.35666
188.26971
165.91641
128.99072
115.553894
139.20358
184.47769
187.57333
142.07062
102.31131
117.62332
165.3393
173.55518
141.27966
105.13501
112.97763
154.48541
170.22061
155.32755
124.54425
123.09738
154.29199
174.6308
179.32037
156.98996
140.74036
151.63266
133.6553
115.6387
118.562195
149.55426
166.2876
161.99365
135.74783
124.959045
140.46292
163.09839
182.16849
163.31061
121.71893
96.89212
121.978516
178.3558
191.40048
150.17047
105.715546
115.0184
160.79169
173.42307
146.92432
109.93915
109.786835
141.71393
159.76462
154.34265
126.48218
116.66049
134.126
155.71597
170.90948
152.26129
128.22952
128.02695
124.54999
111.75189
108.43646
127.20877
147.64896
156.48526
134.71875
112.73752
110.40967
135.28302
170.80048
164.84955
127.10657
96.17215
118.12659
176.59225
195.51816
160.02686
113.19635
115.42685
156.27103
172.54263
151.75986
113.36417
102.60791
120.71289
141.16122
148.68185
125.57965
104.3869
103.85626
127.80246
159.19754
151.38281
125.1116
115.45969
127.133545
112.18262
96.37787
98.49194
123.26468
151.73807
142.49155
114.37222
95.616425
119.45285
167.97678
174.76566
141.29196
104.21686
118.341644
172.14426
193.8389
165.25427
120.09067
117.842224
153.23416
172.8305
157.4451
116.14227
91.71884
93.50665
117.8533
143.8688
132.30664
104.87683
89.09427
113.504425
158.14911
161.74808
136.71884
120.05026
134.56137
118.35657
94.18268
83.87927
112.09503
157.8956
161.89243
131.17773
99.34195
117.62601
170.99506
186.34006
155.62317
112.29465
115.7901
159.72217
181.42087
160.23154
119.284546
110.89969
135.2832
157.03845
152.67838
117.35562
87.20679
78.45291
107.130554
150.17288
151.23178
121.073395
93.09503
113.616974
163.9208
175.42249
152.50772
130.91714
134.05362
120.87906
96.71051
81.91937
111.160736
165.54623
178.11569
147.28897
107.780304
118.4837
168.84232
188.3519
161.39014
115.343994
106.68323
134.7673
153.53995
141.50714
108.78223
93.18265
101.00595
121.0889
130.88965
111.62671
86.68286
75.512665
107.08597
160.30478
170.2779
139.30737
102.690094
115.11301
161.61722
175.9002
156.14853
132.9914
121.821106
114.02484
95.98386
83.41965
111.21118
164.88419
181.47943
154.37012
113.65054
113.89038
149.92517
166.59106
146.98203
107.76019
90.6149
99.70953
112.331116
111.186554
94.526215
81.46912
79.20828
93.47333
108.662476
102.85004
86.399536
76.8251
106.588196
159.18213
172.5014
144.51001
106.37833
109.01764
142.89572
155.43857
141.27689
121.766815
110.94098
109.23337
97.91986
88.27399
108.21506
149.20175
164.02356
145.07953
111.9939
103.37662
118.72443
127.292725
117.91107
96.46289
83.8121
83.67255
90.88031
95.09027
90.110535
82.44043
76.887085
82.93344
92.976654
92.300446
83.63269
78.31052
101.47452
142.15369
153.4361
132.73856
101.08487
94.903595
110.98163
118.9982
114.00714
106.495514
98.77463
100.173035
94.63394
88.45462
97.35275
118.02167
125.509
116.00595
98.70709
92.1181
96.34717
99.8129
97.13199
89.328674
83.755005
82.14334
85.96594
90.25159
89.358215
85.22925
81.26483
83.45755
88.577576
88.95987
84.62366
81.37735
92.43869
112.84265
117.76376
106.71838
89.582886
84.13144
89.49371
93.282166
92.79434
92.69748
104.7901
104.12909
104.33545
104.366455
102.35693
99.73825
99.46939
100.71509
102.39087
102.71359
102.33896
102.42999
103.03784
103.70706
104.212494
104.67581
103.606384
101.21329
100.37628
101.183655
102.108
102.39288
101.81735
102.66675
104.64621
105.616974
104.31879
101.883545
101.59439
102.69397
104.93341
106.03284
106.30594
106.75824
106.93567
106.263
107.55472
109.05795
109.941284
108.59253
104.9176
102.421906
102.588715
103.79224
104.48868
104.40567
104.10251
104.18649
104.84555
105.13165
104.895874
103.16031
98.133514
91.69928
89.90323
92.094604
93.49963
93.092926
91.893005
94.73001
100.49725
103.370544
102.87463
101.68417
101.51013
101.969574
102.677
103.02707
103.854034
105.11066
105.87906
106.27542
104.775635
109.67874
111.61594
109.00766
103.13855
99.08035
98.40527
99.05051
100.111084
101.8208
102.30249
101.319305
100.359406
100.58908
101.7334
99.52545
91.1965
80.28195
76.40939
79.16849
81.10278
80.71588
79.60156
85.091095
95.20175
100.295044
99.83392
98.18121
97.40561
97.16089
97.3215
98.03818
99.06412
99.25571
98.42844
99.47342
96.38373
103.449554
106.3522
104.957794
100.95282
96.83209
93.77774
91.33438
92.07468
97.063385
99.329346
96.47522
92.089905
91.59412
95.28754
95.77991
89.82141
79.585144
74.558075
76.15851
77.756256
78.4379
78.18317
83.69916
93.399994
98.38446
98.55374
96.88684
95.07742
93.34009
92.98767
94.87027
95.969696
93.6084
89.16025
88.8909
91.542114
96.40781
98.83856
100.51352
102.3407
101.11145
96.96283
91.451904
90.071045
95.97543
99.40695
96.69153
91.40643
89.56827
92.45618
94.31781
93.841705
88.376495
83.516846
83.85864
85.552826
87.81424
87.27191
88.64905
93.21158
96.7001
99.65042
100.71716
99.87625
97.7847
96.45526
98.35721
99.355316
96.012634
89.72916
86.707886
96.403595
98.23978
99.334045
101.99133
107.32153
108.41492
104.55737
97.70871
93.318756
97.88025
102.34247
102.12503
98.58649
94.80966
94.01599
95.26279
99.30469
97.592896
91.306915
89.58945
92.223694
97.92941
98.82504
97.14212
97.421906
98.81183
102.64374
104.73901
104.21506
102.514465
100.41278
102.53711
105.24478
104.0506
99.13522
94.67377
106.17001
106.11847
106.53757
108.53497
114.43973
116.706726
113.421265
106.2124
99.0495
102.47644
109.42905
112.94269
111.586395
105.936584
102.793365
103.74036
109.03906
107.776825
99.09262
95.87396
99.36694
107.68948
109.80643
106.61078
105.93869
106.602264
110.09613
111.183716
108.86594
106.8721
103.55521
106.137085
111.77792
113.60513
110.861694
105.993805
117.686035
116.10379
116.695984
117.80298
123.32135
126.75348
124.28229
118.345215
110.04431
112.05487
120.03015
125.50134
124.83743
117.46414
115.49579
118.73273
123.77185
120.98065
109.90146
106.57135
110.696045
119.56821
120.54791
114.360016
113.42648
114.23059
118.360596
119.58826
115.43158
112.77475
107.08035
109.16272
117.658936
122.799866
122.895905
118.23651
124.60092
122.60333
123.80731
123.30533
128.31747
133.97974
133.25934
131.37979
125.246704
126.18475
131.98486
135.14447
131.18945
120.08908
121.112854
129.8519
137.32477
134.15036
120.87656
118.44357
123.39194
132.25543
131.55566
121.3992
119.42929
119.0495
123.763824
127.15164
122.83081
119.785736
110.483734
110.41321
120.50571
128.32913
130.26636
124.91879
123.62521
123.98276
127.11331
123.84308
127.24249
135.12653
135.57266
137.17783
133.61963
135.40121
140.45233
141.84286
134.58792
120.29205
124.414215
137.62894
147.62909
143.43167
126.63583
125.206665
131.20169
140.51117
139.47192
126.3797
123.51196
120.50845
124.74829
131.04004
127.94772
125.39609
113.33673
111.627716
122.22388
130.41599
130.7323
122.4426
120.372925
121.51233
125.15088
118.11063
120.43671
132.10889
133.34772
135.13843
131.79214
136.79916
144.72101
146.66022
137.90295
122.88635
130.2182
145.63794
157.12909
151.57944
131.0798
130.30069
136.1496
145.09482
144.8429
130.70569
127.38428
120.675354
122.972534
131.22015
129.40695
128.09824
116.611725
117.70618
129.56802
135.79968
132.00461
119.347015
127.640686
122.93036
121.1376
108.677216
111.38559
128.21118
129.52957
128.65427
124.5126
135.06998
148.73425
154.15576
147.73056
134.76239
142.79517
155.84293
166.21701
159.52673
136.30222
134.26328
136.92175
144.02612
145.8277
132.59213
128.02554
116.74881
116.12332
125.30899
125.25302
125.62314
116.933136
124.60437
139.63412
146.05219
143.07626
129.94046
148.96393
133.80252
123.70981
107.23807
110.44815
129.22794
129.83191
128.43063
125.95401
140.78384
158.37833
169.69934
172.02527
164.01779
165.67426
166.8927
171.24905
165.33035
143.60223
139.76352
137.97342
142.86127
147.01562
135.02182
127.09503
111.60202
107.57071
115.59885
117.95947
121.589264
117.13187
131.12985
148.80966
159.06216
165.16281
157.38269
185.0726
165.14581
151.98956
136.54034
137.16745
148.44363
146.14001
149.31784
152.29742
164.95694
176.76266
189.3891
202.617
202.16516
193.74567
177.94992
174.51932
174.41632
162.75504
161.47202
158.86545
162.33282
166.95285
156.69717
147.20508
132.1185
124.777985
124.758026
122.25253
125.34668
124.770905
141.59354
157.81839
171.64014
191.30438
195.06235
222.23044
210.61566
203.79974
194.77158
191.41107
189.85242
182.69193
189.60025
196.54886
200.87079
198.75504
204.22809
220.92651
226.14282
214.172
192.5249
188.21927
197.0463
199.38431
204.03067
204.40158
207.1185
210.74463
205.03018
199.63406
190.8169
182.77277
172.44067
158.67255
154.05832
152.21027
163.45587
170.4114
181.2522
208.68152
224.36176
241.64609
238.43765
237.0126
233.68265
230.30795
224.89737
218.5127
224.65588
229.4682
226.41177
216.57687
216.68341
231.04169
239.1759
233.43954
220.1099
218.16812
226.52151
231.40338
235.43246
236.24591
237.39212
239.1749
237.27884
235.82614
232.91425
228.78406
220.40805
208.91306
204.00247
200.8052
201.52429
195.9411
198.1593
220.98679
238.20126
247.89896
247.43222
247.36981
246.35684
244.44461
241.06403
238.22647
241.92242
244.22372
241.13971
234.09637
233.25043
241.13382
246.27008
244.98126
240.00107
239.22385
242.9743
245.30695
246.81277
247.04385
247.20169
247.75156
247.43112
247.30615
246.68744
245.45221
242.40253
238.14664
236.67325
234.80658
232.1756
224.84305
223.29239
235.61243
245.34396
248.97534
248.8967
248.94559
248.64636
247.762
246.30396
245.4773
247.17368
248.23856
247.27728
244.74979
244.29324
246.87302
248.46005
248.32285
246.90836
246.34265
247.44244
248.37903
248.86884
248.87955
248.73215
248.76645
248.78894
248.92734
248.8377
248.44159
247.71341
246.97815
247.05573
246.5693
245.19064
241.76138
240.52182
244.9249
248.17664
248.47363
248.6702
248.84015
248.87903
248.5765
247.98584
247.66681
248.28726
248.73602
248.62344
248.16077
247.712
247.54517
247.67609
248.31183
248.10822
247.29263
247.26166
248.02307
248.5781
248.65948
248.24475
247.9971
248.07751
248.47159
248.75415
248.64813
248.56726
248.58337
248.77002
248.7266
248.31564
247.14154
246.04623
246.57993
247.62357
245.75919
247.79593
248.50333
248.7146
248.55548
248.19125
247.58948
247.51682
247.4748
247.26346
247.67032
246.07712
243.01364
242.83554
245.85522
246.7785
244.6531
243.5119
244.87051
246.20624
246.85858
245.96243
245.59204
245.72754
246.26224
247.05057
247.25995
248.10529
248.3617
248.45117
248.51572
248.16113
246.6969
243.0701
240.03659
241.66571
237.80798
245.42065
247.74515
247.65372
246.5716
245.75308
243.54947
241.63568
239.98215
238.99582
241.71368
238.5639
231.11783
231.44879
239.02332
241.07217
235.2702
232.5458
234.94751
236.91312
238.25473
236.10394
236.0
236.28397
236.35065
237.67343
238.81516
243.24664
245.16412
245.52136
245.70868
244.59964
240.84555
230.43616
220.93924
225.24478
228.22678
241.85669
245.29825
242.6893
237.60526
235.38821
229.89313
223.44577
217.3377
214.91504
225.4624
226.60126
218.43222
220.35614
229.82602
228.49438
214.6213
209.87491
212.9993
213.35126
212.93927
207.03647
207.87799
209.19418
208.43048
209.90042
212.90958
225.98505
233.3588
235.11731
235.10739
232.35208
227.90524
212.45813
198.08282
206.419
229.49283
239.86441
238.83344
228.79797
215.20816
212.68546
207.03586
197.42123
185.84375
180.9115
203.65338
218.10687
217.38986
220.27954
222.89386
212.44
189.56985
184.4094
188.06534
184.46127
179.37918
168.50168
172.73666
177.64938
176.38507
174.96075
175.71545
196.89368
211.12442
214.76276
213.0278
208.16275
211.3956
205.04675
196.80142
208.38083
231.34283
231.92911
223.84995
206.00116
184.45181
186.63562
190.54517
186.83725
173.86426
163.3472
189.6207
211.58377
215.86618
215.03958
208.00186
197.24844
178.49606
178.70892
182.58844
175.18332
167.87726
156.54752
166.85165
176.65729
175.79883
168.46466
158.93079
177.5427
192.24237
195.04391
188.68124
179.6424
193.50311
203.32465
206.48859
218.78903
224.42755
215.2767
203.40506
183.9838
159.77084
166.76212
180.65338
184.92062
173.30719
158.49988
182.74945
205.97629
209.98141
200.55899
183.38135
178.14038
169.5662
172.59903
172.03339
161.76266
157.07578
149.32047
161.96707
172.37027
173.56458
166.72946
153.58786
169.43982
183.56137
185.79474
175.77646
163.66455
184.73013
205.23248
214.45166
222.90265
213.60806
199.57309
187.45963
169.55905
146.048
155.07773
173.86105
182.5029
172.66315
157.94232
180.7724
203.56213
205.7532
190.45792
168.50308
168.04639
167.0094
170.1535
166.40018
156.54257
153.73663
146.76212
157.15155
166.01395
168.7991
163.92163
152.02402
167.03851
181.552
183.86746
171.64365
158.36859
181.80045
206.00613
216.23892
219.80362
202.93707
189.97849
179.33188
163.18542
143.28787
154.10428
173.30725
181.01788
170.9403
157.14767
176.36374
195.34323
194.92639
180.51114
163.10977
165.38135
165.53983
165.4849
161.36624
155.8627
153.79248
145.81097
153.88177
162.81311
166.37433
161.28452
150.75546
164.74112
179.84573
182.76593
169.57965
155.5426
176.16989
198.76602
208.06479
209.97232
188.56174
180.95901
172.94519
158.33722
142.07248
152.59995
169.33942
174.92499
166.24988
154.6706
167.52219
179.38553
175.9021
166.48608
159.06552
163.32358
162.20099
158.56992
155.17609
153.74902
151.13199
142.4144
149.16028
159.2641
163.29102
157.00104
146.84958
158.26834
172.81027
176.67871
165.23102
151.92154
166.40076
183.32935
189.56638
191.60968
167.08847
166.31232
163.09268
152.46887
139.94302
147.03659
159.20847
163.37778
158.92737
151.97845
158.84128
163.81836
158.57251
154.14352
153.8417
157.02567
154.33038
149.84644
148.54968
149.19193
145.21936
136.36087
141.36835
151.64838
155.7088
148.97308
139.28333
147.39365
160.20984
164.80554
157.86966
147.95923
155.55005
164.6867
165.6973
166.34454
145.43103
148.69244
149.82352
145.4591
137.77377
139.50168
145.17722
147.58081
148.20938
146.79742
148.8497
148.28772
143.0028
142.98904
145.87213
146.15363
142.36752
139.16791
140.61502
141.94754
137.26355
129.45428
132.59195
141.83984
145.89105
141.13956
133.33237
137.09317
146.17612
150.59058
149.50424
144.56708
145.60324
147.21326
144.15375
143.52078
128.09811
132.32031
135.82681
137.41586
134.34827
130.43445
129.33603
129.71243
134.61755
137.32953
135.422
131.17929
127.467834
131.72864
135.61032
132.82596
128.36594
127.05151
130.74396
132.0622
127.841705
121.972046
123.54413
131.37036
135.8776
135.49326
130.7601
128.34314
130.90005
133.62439
137.74402
137.46207
133.56418
130.16199
126.13779
126.35562
115.57416
119.450714
123.530945
128.36398
127.32379
118.44812
112.75369
112.73947
121.12735
125.28769
119.51782
113.15671
112.13986
120.53296
124.89963
120.297485
115.797
116.08597
120.97217
122.42987
120.09515
116.11316
115.3479
120.59271
124.78351
128.06595
125.56213
117.049835
113.82315
115.765076
124.26343
126.8916
119.76871
113.932556
111.02811
113.70828
107.91531
110.96301
114.46533
119.46121
116.91501
103.60159
95.73538
97.146454
108.10886
111.95093
103.53714
96.600586
98.1142
109.40109
115.324524
112.478546
109.46655
110.02075
114.108765
116.16788
117.17145
115.16315
111.59393
113.2312
116.38968
120.99301
117.90103
104.14343
97.50888
100.10797
111.5567
115.12836
106.65509
100.67029
99.99536
105.428955
103.78708
105.16547
107.3266
110.586914
105.025665
89.14105
81.10925
84.33075
96.367035
100.45596
93.570404
88.84421
91.759094
102.791626
110.33316
112.13519
112.01483
111.46005
112.13547
112.85297
115.24002
114.671265
110.029236
108.85651
110.48581
113.8876
108.47949
92.47162
85.76477
89.90698
102.45441
106.615204
99.694916
95.20273
96.02374
101.88037
100.15915
99.579285
100.724365
102.594696
96.65094
83.23764
77.43594
81.20685
91.49399
96.01471
93.54477
92.30649
94.7352
101.49634
107.06113
110.50754
111.49512
109.89554
108.25226
107.75635
109.72095
110.21106
107.402374
106.19064
106.81265
107.90903
101.41873
87.92609
83.70456
88.59018
99.82858
104.81824
101.72543
99.08136
98.9299
101.10989
101.065735
99.85138
100.28558
101.322205
98.04236
91.219666
88.95007
91.383514
96.732666
99.076935
98.468414
98.39966
99.40979
101.90604
104.306305
106.54678
107.07916
105.5112
104.08621
103.83115
105.019196
105.734955
104.78064
104.52603
105.11478
105.50079
101.671265
94.64899
93.2106
96.22647
102.49942
105.66107
104.97812
104.06961
103.59726
103.2612
