BeadsKnot,0
Nodes,12
652.5521,412.3372,-2.089942,51.17244,180.928,194.516,38.16586
528.8542,545.8008,-2.279423,48.36599,92.63823,47.97826,36.92357
551.6406,742.7409,-0.3805082,96.4565,47.00956,83.14204,167.76
462.1223,415.5925,-3.041926,135.4861,35.58571,48.03247,142.559
595.5859,487.207,-2.279423,25.04766,100,27.874,100
479.2122,653.2227,-1.471127,18.57177,100,41.24326,100
764.8567,640.2018,1.249047,43.36324,100,93.48494,100
557.6085,412.3372,3.141593,28.9432,100,33.90259,100
220.423,620.6706,-1.435266,238.8282,100,112.9549,100
597.2136,664.6159,1.789465,29.73545,100,29.4959,100
492.5043,495.3451,2.09887,29.4214,100,17.39759,100
572.7995,194.2383,1.030375,87.86665,100,66.30755,100
Edges,16
3,0,8,2
3,1,10,0
3,2,7,0
3,3,11,2
2,0,6,2
2,1,9,2
2,2,5,0
2,3,8,0
1,0,5,2
1,1,9,0
1,2,4,0
1,3,10,2
0,0,4,2
0,1,6,0
0,2,11,0
0,3,7,2
Region,0
BeadsKnotEnd
