BeadsKnot,0
Nodes,12
630.2083,373.8607,-5.061535,83.00344,54.74005,66.98752,198.4374
495.1172,557.78,-3.850219,63.04083,46.46556,50.27481,53.16188
504.8828,731.9336,-3.912101,73.27123,128.8011,133.2998,53.40247
370.8333,381.0612,-3.041926,129.355,41.48875,60.03054,124.6364
566.4974,466.8685,-2.279423,34.93643,100,31.96871,100
435.9375,641.0221,-1.471127,27.69468,100,34.31568,100
787.8516,590.5664,1.249047,42.68314,100,134.4849,100
496.5104,370.8398,3.141593,39.36369,100,46.99725,100
221.6797,653.8086,-1.095266,133.3679,100,136.9609,100
572.2136,624.6159,1.789465,33.43686,100,43.85616,100
413.151,473.3789,2.09887,35.99225,100,35.87386,100
488.0208,225.9831,-0.009624297,89.22657,100,48.23395,100
Edges,16
3,0,8,2
3,1,10,0
3,2,7,0
3,3,11,2
2,2,6,2
2,3,9,2
2,0,5,0
2,1,8,0
1,1,5,2
1,2,9,0
1,3,4,0
1,0,10,2
0,2,4,2
0,3,6,0
0,0,11,0
0,1,7,2
Region,0
BeadsKnotEnd
