BeadsKnot,0
Nodes,12
514.6484,601.7252,-2.356194,80.40433,30.73893,65.51935,45.87123
406.4128,396.6471,-2.920643,127.0753,21.88208,41.03073,132.6536
477.2135,531.7383,2.124315,48.74545,42.27534,23.25576,35.54308
545.5729,381.9987,1.341947,78.12504,26.96337,39.73239,217.5391
470.7031,233.8867,0.1327158,60.94899,100,27.86694,100
427.5716,443.8477,2.076741,17.21591,100,31.01898,100
539.0625,647.2982,2.025261,14.50425,100,138.2354,100
259.1146,640.7877,-0.9919997,270.5304,100,114.5878,100
478.8412,391.7643,3.128172,20.88327,100,24.13884,100
755.5339,631.0221,1.570495,65.40755,100,119.9749,100
423.5026,621.2565,-1.247723,14.49341,100,36.39226,100
524.4141,456.8685,-2.255866,31.72228,100,24.93839,100
Edges,16
6,2,7,0
3,0,4,0
3,1,8,2
3,2,11,2
3,3,9,0
2,0,5,2
2,1,10,2
2,3,11,0
1,0,7,2
1,1,5,0
1,2,8,0
1,3,4,2
0,0,10,0
0,1,6,0
0,2,9,2
0,3,2,2
Region,0
BeadsKnotEnd
