BeadsKnot,0
Nodes,12
545.5729,381.9987,-4.990689,87.59344,27.01241,38.05663,227.5692
477.2135,531.7383,-4.153788,49.49358,42.25672,38.5107,34.49896
496.7448,724.6094,-0.7188293,135.2461,51.74781,79.1364,88.97658
406.4128,396.6471,-2.96174,125.4407,21.59233,38.46128,130.4326
524.4141,456.8685,-2.446856,32.01863,100,25.61729,100
423.5026,621.2565,-1.249045,32.98404,100,36.38849,100
755.5339,631.0221,1.570796,58.24567,100,125.5903,100
478.8412,391.7643,3.141593,21.97118,100,24.1701,100
259.1146,640.7877,-1.019143,135.9065,100,118.0123,100
543.9453,603.3529,2.034444,34.52537,100,45.60663,100
427.5716,443.8477,2.034444,17.59502,100,30.99059,100
470.7031,233.8867,0.3217476,60.62595,100,26.57094,100
Edges,16
3,0,8,2
3,1,10,0
3,2,7,0
3,3,11,2
2,0,6,2
2,1,9,2
2,2,5,0
2,3,8,0
1,1,5,2
1,2,9,0
1,3,4,0
1,0,10,2
0,2,4,2
0,3,6,0
0,0,11,0
0,1,7,2
Region,0
BeadsKnotEnd
BeadsKnot,0
Nodes,12
545.5729,331.9987,-4.990689,87.59341,27.01237,38.05655,227.5692
477.2135,481.7383,-4.153788,49.49356,42.25672,132.9507,34.49898
509.7656,795.4102,-0.7188293,145.9707,41.92712,139.4821,68.22495
406.4128,346.6471,-2.96174,125.4407,21.59233,38.46123,130.4328
524.4141,406.8685,-2.446856,32.01863,100,25.61731,100
423.5026,571.2565,-1.249045,66.10201,100,36.38848,100
755.5339,581.0221,1.570796,58.24566,100,149.8869,100
478.8412,341.7643,3.141593,21.97119,100,24.17006,100
259.1146,590.7877,-1.019143,237.5279,100,118.0123,100
555.3386,705.8919,2.034444,69.95871,100,35.02059,100
427.5716,393.8477,2.034444,17.59501,100,30.99058,100
470.7031,183.8867,0.3217476,60.62595,100,26.57081,100
Edges,16
3,0,8,2
3,1,10,0
3,2,7,0
3,3,11,2
2,0,6,2
2,1,9,2
2,2,5,0
2,3,8,0
1,1,5,2
1,2,9,0
1,3,4,0
1,0,10,2
0,2,4,2
0,3,6,0
0,0,11,0
0,1,7,2
Region,0
BeadsKnotEnd
